%Lab6 - Part C - Piter Garcia
%Part C - ANSWERS

A =

    -6    -2
    10     0


B =

     2
     0


C =

     0     1


D =

     0


num =

         0         0   20.0000


denom =

    1.0000    6.0000   20.0000

 
num/den = 
 
         20
   --------------
   s^2 + 6 s + 20

AA =

     0     1
   -20    -6


BB =

     0
     1


CC =

    20     0


DD =

     0


num1 =

         0   -0.0000   20.0000


denom1 =

    1.0000    6.0000   20.0000

 
num/den = 
 
   -8.8818e-016 s + 20
   -------------------
      s^2 + 6 s + 20
 
a = 
                        x1           x2
           x1     -6.00000    -20.00000
           x2      1.00000            0
 
 
b = 
                        u1
           x1      1.00000
           x2            0
 
 
c = 
                        x1           x2
           y1            0     20.00000
 
 
d = 
                        u1
           y1            0
 

t =

  Columns 1 through 6

         0    0.0050    0.0100    0.0150    0.0200    0.0250

  Columns 7 through 12

    0.0300    0.0350    0.0400    0.0450    0.0500    0.0550

  Columns 13 through 18

    0.0600    0.0650    0.0700    0.0750    0.0800    0.0850

  Columns 19 through 24

    0.0900    0.0950    0.1000    0.1050    0.1100    0.1150

  Columns 25 through 30

    0.1200    0.1250    0.1300    0.1350    0.1400    0.1450

  Columns 31 through 36

    0.1500    0.1550    0.1600    0.1650    0.1700    0.1750

  Columns 37 through 42

    0.1800    0.1850    0.1900    0.1950    0.2000    0.2050

  Columns 43 through 48

    0.2100    0.2150    0.2200    0.2250    0.2300    0.2350

  Columns 49 through 54

    0.2400    0.2450    0.2500    0.2550    0.2600    0.2650

  Columns 55 through 60

    0.2700    0.2750    0.2800    0.2850    0.2900    0.2950

  Columns 61 through 66

    0.3000    0.3050    0.3100    0.3150    0.3200    0.3250

  Columns 67 through 72

    0.3300    0.3350    0.3400    0.3450    0.3500    0.3550

  Columns 73 through 78

    0.3600    0.3650    0.3700    0.3750    0.3800    0.3850

  Columns 79 through 84

    0.3900    0.3950    0.4000    0.4050    0.4100    0.4150

  Columns 85 through 90

    0.4200    0.4250    0.4300    0.4350    0.4400    0.4450

  Columns 91 through 96

    0.4500    0.4550    0.4600    0.4650    0.4700    0.4750

  Columns 97 through 102

    0.4800    0.4850    0.4900    0.4950    0.5000    0.5050

  Columns 103 through 108

    0.5100    0.5150    0.5200    0.5250    0.5300    0.5350

  Columns 109 through 114

    0.5400    0.5450    0.5500    0.5550    0.5600    0.5650

  Columns 115 through 120

    0.5700    0.5750    0.5800    0.5850    0.5900    0.5950

  Columns 121 through 126

    0.6000    0.6050    0.6100    0.6150    0.6200    0.6250

  Columns 127 through 132

    0.6300    0.6350    0.6400    0.6450    0.6500    0.6550

  Columns 133 through 138

    0.6600    0.6650    0.6700    0.6750    0.6800    0.6850

  Columns 139 through 144

    0.6900    0.6950    0.7000    0.7050    0.7100    0.7150

  Columns 145 through 150

    0.7200    0.7250    0.7300    0.7350    0.7400    0.7450

  Columns 151 through 156

    0.7500    0.7550    0.7600    0.7650    0.7700    0.7750

  Columns 157 through 162

    0.7800    0.7850    0.7900    0.7950    0.8000    0.8050

  Columns 163 through 168

    0.8100    0.8150    0.8200    0.8250    0.8300    0.8350

  Columns 169 through 174

    0.8400    0.8450    0.8500    0.8550    0.8600    0.8650

  Columns 175 through 180

    0.8700    0.8750    0.8800    0.8850    0.8900    0.8950

  Columns 181 through 186

    0.9000    0.9050    0.9100    0.9150    0.9200    0.9250

  Columns 187 through 192

    0.9300    0.9350    0.9400    0.9450    0.9500    0.9550

  Columns 193 through 198

    0.9600    0.9650    0.9700    0.9750    0.9800    0.9850

  Columns 199 through 204

    0.9900    0.9950    1.0000    1.0050    1.0100    1.0150

  Columns 205 through 210

    1.0200    1.0250    1.0300    1.0350    1.0400    1.0450

  Columns 211 through 216

    1.0500    1.0550    1.0600    1.0650    1.0700    1.0750

  Columns 217 through 222

    1.0800    1.0850    1.0900    1.0950    1.1000    1.1050

  Columns 223 through 228

    1.1100    1.1150    1.1200    1.1250    1.1300    1.1350

  Columns 229 through 234

    1.1400    1.1450    1.1500    1.1550    1.1600    1.1650

  Columns 235 through 240

    1.1700    1.1750    1.1800    1.1850    1.1900    1.1950

  Columns 241 through 246

    1.2000    1.2050    1.2100    1.2150    1.2200    1.2250

  Columns 247 through 252

    1.2300    1.2350    1.2400    1.2450    1.2500    1.2550

  Columns 253 through 258

    1.2600    1.2650    1.2700    1.2750    1.2800    1.2850

  Columns 259 through 264

    1.2900    1.2950    1.3000    1.3050    1.3100    1.3150

  Columns 265 through 270

    1.3200    1.3250    1.3300    1.3350    1.3400    1.3450

  Columns 271 through 276

    1.3500    1.3550    1.3600    1.3650    1.3700    1.3750

  Columns 277 through 282

    1.3800    1.3850    1.3900    1.3950    1.4000    1.4050

  Columns 283 through 288

    1.4100    1.4150    1.4200    1.4250    1.4300    1.4350

  Columns 289 through 294

    1.4400    1.4450    1.4500    1.4550    1.4600    1.4650

  Columns 295 through 300

    1.4700    1.4750    1.4800    1.4850    1.4900    1.4950

  Columns 301 through 306

    1.5000    1.5050    1.5100    1.5150    1.5200    1.5250

  Columns 307 through 312

    1.5300    1.5350    1.5400    1.5450    1.5500    1.5550

  Columns 313 through 318

    1.5600    1.5650    1.5700    1.5750    1.5800    1.5850

  Columns 319 through 324

    1.5900    1.5950    1.6000    1.6050    1.6100    1.6150

  Columns 325 through 330

    1.6200    1.6250    1.6300    1.6350    1.6400    1.6450

  Columns 331 through 336

    1.6500    1.6550    1.6600    1.6650    1.6700    1.6750

  Columns 337 through 342

    1.6800    1.6850    1.6900    1.6950    1.7000    1.7050

  Columns 343 through 348

    1.7100    1.7150    1.7200    1.7250    1.7300    1.7350

  Columns 349 through 354

    1.7400    1.7450    1.7500    1.7550    1.7600    1.7650

  Columns 355 through 360

    1.7700    1.7750    1.7800    1.7850    1.7900    1.7950

  Columns 361 through 366

    1.8000    1.8050    1.8100    1.8150    1.8200    1.8250

  Columns 367 through 372

    1.8300    1.8350    1.8400    1.8450    1.8500    1.8550

  Columns 373 through 378

    1.8600    1.8650    1.8700    1.8750    1.8800    1.8850

  Columns 379 through 384

    1.8900    1.8950    1.9000    1.9050    1.9100    1.9150

  Columns 385 through 390

    1.9200    1.9250    1.9300    1.9350    1.9400    1.9450

  Columns 391 through 396

    1.9500    1.9550    1.9600    1.9650    1.9700    1.9750

  Columns 397 through 401

    1.9800    1.9850    1.9900    1.9950    2.0000