%Part III - Answers

A =

    -5     5
     0    -5


B =

     0
     5


C =

     1    -1


D =

     0


num =

         0   -5.0000    0.0000


den =

     1    10    25

 
Transfer function:
-5 s + 3.553e-015
-----------------
 s^2 + 10 s + 25