A =

   -1.2500    1.2500
    3.7500   -1.2500


B =

     0
     5


C =

     1    -1


D =

     0


num =

         0   -5.0000   -0.0000


den =

    1.0000    2.5000   -3.1250

 
Transfer function:
 -5 s - 1.776e-015
-------------------
s^2 + 2.5 s - 3.125




